1001022966510265562904601362022673140793850602887555035895180714782806539600052957790910116106059849047334170359813509911969033874570824180504279583066436770829638609186107096535060748764003623483005
1002071156140669354605360235033892180992385809963882012064300598647706405498067887990403592501984324020326470112687708850652090072030713821308428187031213270821555502980419016801430860256105461112005
1003092770540839756803359128073414910695466102546795011242420645409103560671020710880339674607694503059460420480270309104320035973660363762002188363019820240638447707915167068984460741031509266834003
1004087620480674749208742301080852540621062004157644028770280177650601279412080999250121849902565231031857110324477102945328036115540651741207958330012586060245046208132603024522160760844704653254004
1005015148020380433206227418018629100626129107617205048998860761719907808561075045800762976409160730081337700680636903514025081477520667087502855816065701430442907401877149033044710308926405842301008
1006068945980227478803353220035541270648016309079202089718330615577301083898096393380320677401822900053103830655855907201534078933910188795001743482073258980738334601265990010201470360792705763987007
1007046766050762348106702537035455000333928007064664092499720168263607144318079839060391525808443139089183250931603605984245086512630467829603424089040708700746644205888463019587640119526601060934006
1008025381860593704202894626048026140264575506674285064602090602927103404841011502780935798301961832074055950937708705350474035748160478553904077924099507850228695802529689083223000525926404060747009
1009085203980425255604596566053185640115474003334129031398170248532506660242062556850927314306434829020183330813022901593886049282180558032206347689046736300189092601636650087231530114316104253177003
1010026204960788743709969224030667610492844603108977040280710563038707050760047146460243778505403308076090040576959003556158070079690651962002662557030409490170558704972612090723930405261703320984004
1011045595940734682906878205093001600527521707058492031492810858118009271619060755250312343406186964099630270520131903112347068373310330012004114473016897180733012004445413089489980516841802174121005
1012011346220307974206302299052495070550162408243758047358920328543403114196053881270261414804392363050722100107628509947584065043520427749303503197031365440919514009362941020736160549902805493447007
1013014231160399271501443450055668790491487001531128045577210334518405197506017400670420504703997531057720960623157203176745050036530160117303266792060475170336425302348664092176740683130809519036002
1014035429250544119205317392021065190201622408233767020608980878485308547437037111670468057809267520020723860607618804414144024643430731667205280691027681800669833401331375078830260920210607700133001
1015043744990165438307568301034881300181563806062278039719250975699102220919052457200115880508409081071862350989875007154140050967800963115409481008028868340801920304796319099116640814291003523008005
1016021677400939617706369147054012390512156203609424062434300838547408735714020584690692980506112352030811420345277008001779079207050847722101618104090330980464018008900702020776270132993609874703005
1017084085180249425508983759034978370811992903787934038303310548962707794426038678460546651302237848077043560156165809794671016885850284941901990428056230350324859601872105030404520965570306833654005
1018032411190130926007501898022310610235626704097423080394620720955709550464062970400877508005365087015394910887080202281949015677920948087405479152019038160744254205199776066125790101200009503106008
1019082350280729085906343703086628870768256808301568055300780809542405544764018597870448342803438857060981230493757209103525019648630916663002116375043470490259637802679240035533230360444305600836009
1020096699880883269605848830069935390393567207006323060196330109793502214855030103010938710502385086082377360591906006183312090202160335837309178415058299610374556207749164062264090745697608151604001